1  1   1 6 7  社会实践   83 2021215 2021210 0
4  1 5 9 13   1 18 19  班会   53 2021211 2021210 2021212 0
1  2   2 8 9  社会实践   83 2021210 2021211 2021214 0
5  1 4 7 9 11   2 20 21  聚餐   45 2021210 2021211 2021219 0
1  1   5 15 16  社会实践   85 2021210 2021212 2021211 2021217 0
4  1 2 3 4   5 16 17  小组作业   53 2021210 2021211 2021212 2021213 0
4  1 2 3 4   5 17 18  小组作业   53 2021210 2021211 2021212 0
6  1 2 3 4 5 8   5 18 19  聚餐   36 2021210 2021211 2021213 2021215 2021217 2021219 0
2  3 7   6 12 13  集体志愿   59 2021211 2021210 0
8  1 2 3 4 5 6 7 8   6 18 19  小组作业   52 2021210 2021211 2021213 2021215 2021217 2021218 2021219 0
3  1 3 5   6 21 22  团建   46 2021211 2021210 2021212 2021213 2021217 0
1  1   7 10 11  聚餐   45 2021210 2021211 2021214 2021217 0
4  1 2 3 4   7 14 15  集体志愿   59 2021211 2021210 0
6  1 2 3 4 5 6   7 15 16  小组作业   53 2021210 2021211 2021212 2021215 2021216 0
1  1   7 16 17  聚餐   85 2021215 2021210 0
1  7   7 17 18  聚餐   45 2021211 2021210 0
1  1   1 7 8  小组作业   83 2021211 2021212 2021214 0
3  4 5 6   2 15 16  小组作业   53 2021211 2021215 2021217 0
2  1 3   4 18 19  社会实践   59 2021211 2021214 0
4  1 2 3 4   4 19 20  创新创业   80 2021211 2021212 2021214 2021215 2021217 0
2  1 3   6 13 14  团建   46 2021211 2021214 2021215 0
2  7 10   7 10 11  打游戏   46 2021211 2021213 2021215 0
2  1 3   7 11 12  社会实践   59 2021211 2021213 0
1  1   7 12 13  社会实践   59 2021211 2021219 2021215 2021214 0
4  1 5 9 13   1 18 19  班会   53 2021213 2021214 2021216 2021218 0
4  1 5 9 13   1 18 19  班会   53 2021215 2021217 2021219 0
