1 1 8 10 计算机组成原理 53
2 1 10 12 学术英语 53 2021210 2021213 2021214 0
2 1 10 12 情景英语 67 2021211 2021212 2021215 2021217 0
2 1 10 12 商务英语 53 2021216 2021218 2021219 2021220 0
1 1 14 15 大学物理 69
1 2 9 11 数据结构 53
1 2 13 15 计算机网络 53
1 3 8 10 高等数学 53
2 3 10 12 排球 75 2021213 2021219 2021220 0
2 3 10 12 羽毛球 77 2021210 2021211 2021215 2021216 0
2 3 10 12 乒乓球 77 2021212 2021214 2021217 2021218 0
1 1 12 14 高等数学 53
1 4 10 12 马克思主义原理 53
1 4 13 15 形式语言与自动机 69
1 4 15 16 大学物理 69
1 4 16 18 离散数学 53
1 5 8 10 高等数学 53
1 5 10 12 数据结构 53
1 5 13 15 计算机网络 53