5  15  2 3 4 5 6 7 8 9 10 11 12 13 14 15 16   1 6 7  跑步 81
5  15  2 3 4 5 6 7 8 9 10 11 12 13 14 15 16   1 6 7  吃早点 45
4  16  1 2 3 4 5 6 7 8 9 10 11 12 13 14 15 16   1 7 8  早读 69
5  1  2   1 18 19  拿快递 83
5  2  2 3   1 18 19  购物 56
5  16  1 2 3 4 5 6 7 8 9 10 11 12 13 14 15 16   1 20 21  洗澡 61
5  1  1   1 20 21  购物 56
5  1  1   1 20 21  拿快递 83
4  3  3 4 5   1 21 22  外出 86
5  16  1 2 3 4 5 6 7 8 9 10 11 12 13 14 15 16   2 6 7  跑步 81
5  16  1 2 3 4 5 6 7 8 9 10 11 12 13 14 15 16   2 6 7  吃早点 72
4  16  1 2 3 4 5 6 7 8 9 10 11 12 13 14 15 16   2 7 8  早读 69
4  2  1 3   2 8 9  自习 53
4  13  4 5 6 7 8 9 10 11 12 13 14 15 16   2 8 9  自习 69
4  16  1 2 3 4 5 6 7 8 9 10 11 12 13 14 15 16   2 12 13  午睡 46
4  8  1 2 3 4 5 6 7 8   2 16 17  锻炼 77
5  2  4 7   2 19 20  洗澡 61
4  14  1 2 3 5 6 8 9 10 11 12 13 14 15 16   2 19 20  锻炼 81
5  9  3 5 6 8 12 13 14 15 16   2 20 21  洗澡 61
4  6  4 5 6 3 7 8   2 21 22  自习 53
5  5  1 2 9 10 11   2 21 22  洗澡 61
5  5  1 2 9 10 11   2 21 22  购物 56
5  16  1 2 3 4 5 6 7 8 9 10 11 12 13 14 15 16   3 6 7  跑步 81
5  16  1 2 3 4 5 6 7 8 9 10 11 12 13 14 15 16   3 6 7  吃早点 72
4  16  1 2 3 4 5 6 7 8 9 10 11 12 13 14 15 16   3 7 8  早读 69
4  16  1 2 3 4 5 6 7 8 9 10 11 12 13 14 15 16   3 12 13  午睡 46
5  1  1   3 13 14  拿快递 83
4  4  1 2 3 4   3 18 19  锻炼 77
4  4  1 3 1 4   3 19 20  自习 53
5  16  1 2 3 4 5 6 7 8 9 10 11 12 13 14 15 16   3 20 21  洗澡 61
5  16  1 2 3 4 5 6 7 8 9 10 11 12 13 14 15 16   4 6 7  跑步 81
5  16  1 2 3 4 5 6 7 8 9 10 11 12 13 14 15 16   4 6 7  吃早点 45
5  1  1   4 6 7  拿快递 83
5  1  1   4 6 7  购物 56
5  1  1   4 6 7  洗澡 61
4  16  1 2 3 4 5 6 7 8 9 10 11 12 13 14 15 16   4 7 8  早读 69
4  1  1   4 8 9  外出 85
4  4  1 2 5 6   4 9 10  自习 52
4  16  1 2 3 4 5 6 7 8 9 10 11 12 13 14 15 16   4 12 13  午睡 46
5  16  1 2 3 4 5 6 7 8 9 10 11 12 13 14 15 16   4 20 21  洗澡 61
5  16  1 2 3 4 5 6 7 8 9 10 11 12 13 14 15 16   5 6 7  跑步 81
5  16  1 2 3 4 5 6 7 8 9 10 11 12 13 14 15 16   5 6 7  吃早点 45
4  16  1 2 3 4 5 6 7 8 9 10 11 12 13 14 15 16   5 7 8  早读 69
4  16  1 2 3 4 5 6 7 8 9 10 11 12 13 14 15 16   5 12 13  午睡 46
4  8  1 2 3 4 5 6 7 8   5 19 20  锻炼 77
5  7  1 2 3 4 5 6 7   5 20 21  拿快递 83
5  7  1 3 4 5 6 7 8   5 20 21  购物 56
5  16  1 2 3 4 5 6 7 8 9 10 11 12 13 14 15 16   5 21 22  洗澡 83
5  16  1 2 3 4 5 6 7 8 9 10 11 12 13 14 15 16   6 6 7  跑步 81
5  16  1 2 3 4 5 6 7 8 9 10 11 12 13 14 15 16   6 6 7  吃早点 45
4  16  1 2 3 4 5 6 7 8 9 10 11 12 13 14 15 16   6 7 8  早读 69
4  1  1   6 8 9  外出 82
4  8  1 2 3 4 5 6 7 8   6 10 11  自习 82
4  8  9 10 11 12 13 14 15 16   6 10 11  锻炼 82
4  8  1 2 3 4 5 6 7 8   6 11 12  自习 82
4  14  1 2 4 5 6 8 9 10 11 12 13 14 15 16   6 12 13  午睡 46
4  7  1 2 3 4 5 6 7   6 14 15  自习 53
5  16  1 2 3 4 5 6 7 8 9 10 11 12 13 14 15 16   6 20 21  洗澡 61
5  16  1 2 3 4 5 6 7 8 9 10 11 12 13 14 15 16   7 6 7  跑步 81
5  16  1 2 3 4 5 6 7 8 9 10 11 12 13 14 15 16   7 6 7  吃早点 45
4  16  1 2 3 4 5 6 7 8 9 10 11 12 13 14 15 16   7 7 8  早读 69
4  4  1 2 3 4   7 8 9  自习 53
4  16  1 2 3 4 5 6 7 8 9 10 11 12 13 14 15 16   7 12 13  午睡 46
5  5  1 3 5 6 7   7 19 20  洗衣服 62
5  1  1   7 19 20  取快递 83
5  16  1 2 3 4 5 6 7 8 9 10 11 12 13 14 15 16   7 20 21  洗澡 61
