0	北邮地图	0	0	0	0
1	路口-1	200	168	91 2 133 	0
2	路口-2	200	205	1 6 93 94	0
3	路口-3	450	185	25 121 110	0
4	路口-4	286	205	93 95 109	0
5	路口-5	124	249	6 8 87	0
6	路口-6	200	249	2 5 7 9	0
7	路口-7	286	249	6 10 95 111	0
8	路口-8	124	284	5 96 88	0
9	路口-9	200	284	6 11 96 97	0
10	路口-10	286	284	97 7 12	0
11	路口-11	200	321	9 15 98 99	0
12	路口-12	286	312	10 13 26	0
13	路口-13	286	321	12 114 99	0
14	路口-14	124	418	100 89 88	0
15	路口-15	200	418	11 100 101	0
16	路口-16	286	418	101 114 115 116	0
17	路口-17	124	518	89 90 102	0
18	路口-18	286	518	102 117 115 118	0
19	路口-19	124	579	90 20 82	0
20	路口-20	124	620	19 22 103	0
21	路口-21	286	620	23 103 119 118	0
22	路口-22	124	711	20 23	0
23	路口-23	286	711	21 22 34 120	0
24	路口-24	286	752	84 104 106	0
25	路口-25	450	249	3 112 113 	0
26	路口-26	450	312	12 27 122	0
27	路口-27	450	329	26 123 124	0
28	路口-28	450	418	124 29 116 125	0
29	路口-29	450	518	28 32 117 129	0
30	路口-30	520	518	129 125 131	0
31	路口-31	440	620	32 34 119	0
32	路口-32	450	620	29 31 33	0
33	路口-33	520	620	32 35 131	0
34	路口-34	440	711	23 31 130	0
35	路口-35	520	711	130 33	0
36	北邮科技酒店 	131	168	91	0
37	青年公寓 	113	231	87	0
38	学十三公寓 	113	321	88	0
39	邮局	113	461	89	0
40	移动营业厅 	113	524	90	0
41	学十一公寓 	184	163	91	0
42	学九公寓 	163	199	92	0
43	学十公寓 	237	199	93	0
44	留学生公寓 	168	212	94	0
45	综合食堂 	271	227	95	0
46	学五公寓 	164	281	96	0
47	学八公寓 	238	281	97	0
48	学三公寓 	164	324	98	0
49	学四公寓 	238	324	99	0
50	学一公寓 	164	408	100	0
51	学二公寓 	238	408	101	0
52	教四楼 	201	490	102	0
53	教三楼 	201	625	103	0
54	校医院 	248	747	104	0
55	时光咖啡 	166	759	105	0
56	南区超市 	271	773	106	0
57	电信营业厅 	271	822	107	0
58	经管楼 	321	173	108	0
59	学生活动中心 	308	199	109	0
60	学六公寓 	404	167	110	0
61	澡堂 	380	244	111	0
62	水房 	417	244	112	0
63	教工餐厅 	443	276	113	0
64	图书馆 	371	363	114	0
65	财务处 	301	440	115	0
66	行政办公楼 	376	422	116	0
67	教一楼 	370	509	117	0
68	主楼 	380	567	118	0
69	教二楼 	368	647	119	0
70	中门邮局 	297	725	120	0
71	科研大楼 	481	189	121	0
72	学生食堂 	456	305	122	0
73	保卫处	550	287	123	0
74	篮球场 	456	389	124	0
75	网球场	520	406	125	0
76	学29公寓 	577	406	126	0
77	体育馆 	550	426	127	0
78	游泳馆 	587	426	128	0
79	科学会堂 	488	528	129	0
80	通信中心 	482	702	130	0
81	体育场 	529	594	131	0
82	西门 	88	579	19	0
83	北门 	286	121	132 	0
84	中门 	286	738	24 120	0
85	东北门 	606	185	121	0
86	东门 	606	418	128	0
87	路口-青年公寓 	124	231	37 5	0
88	路口-学十三公寓 	124	321	38 8 98  14	0
89	路口-邮局	124	461	39 14 17	0
90	路口-移动营业厅 	124	524	40 17 19	0
91	路口-学十一公寓 	184	168	41 36 1	0
92	路口-学九公寓 	163	205	42 94	0
93	路口-学十公寓 	237	205	43 2 4	0
94	路口-留学生公寓 	168	205	44 92 2	0
95	路口-综合食堂 	286	227	45 4 7	0
96	路口-学五公寓 	164	284	46 8 9	0
97	路口-学八公寓 	238	284	47 9 10	0
98	路口-学三公寓 	164	321	48 11 88	0
99	路口-学四公寓 	238	321	49 11 13	0
100	路口-学一公寓 	164	418	50 14 15	0
101	路口-学二公寓 	238	418	51 15 16	0
102	路口-教四楼 	201	518	52 17 18	0
103	路口-教三楼 	201	620	53 20 21	0
104	路口-校医院 	248	752	54 24 105	0
105	路口-时光咖啡 	166	752	55 104	0
106	路口-南区超市 	286	773	56 24 107	0
107	路口-电信营业厅 	286	822	57 106	0
108	路口-经管楼 	286	173	58 132 109	0
109	路口-学生活动中心 	286	199	59 4 108	0
110	路口-学六公寓	450	167	60 3	0
111	路口-澡堂 	380	249	61 7 112	0
112	路口-水房 	417	249	62 111 25	0
113	路口-教工餐厅 	450	276	63 25 122	0
114	路口-图书馆 	286	363	64 13 16	0
115	路口-财务处 	286	440	65 16 18	0
116	路口-行政办公楼	376	418	66 16 28	0
117	路口-教一楼	370	518	67 18 29	0
118	路口-主楼        286	567	68 18 21	0
119	路口-教二楼	368	620	69 21 31	0
120	路口-中门邮局	286	725	70 23 84	0
121	路口-科研大楼	481	185	71 3 85	0
122	路口-学生食堂	450	305	72 113 26	0
123	路口-保卫处	550	329	73 27 127	0
124	路口-篮球场 	450	389	74 27 28	0
125	路口-网球场	520	418	75 28 127 30	0
126	路口-学29公寓 	577	418	76 127 128	0
127	路口-体育馆 	550	418	77 125 123 126	0
128	路口-游泳馆 	587	418	78 126 86	0
129	路口-科学会堂 	488	518	79 29 30	0
130	路口-通信中心 	482	711	80 34 35	0
131	路口-体育场	520	594	81 30 33	0
132	路口-36	286	131	83 108 133	0
133	路口-37	200	131	1 132	0
